[x_axis_eye_kr60]
start_pos = [1170, -320, 1470]
end_pos = [1170, 260, 1470]

[y_axis_eye_kr60]
start_pos = [1010, 0, 1470]
end_pos = [1330, 0, 1470]

[x_axis_eye_kr60_deep]
start_pos = [400.16, 400, 1470]
end_pos = [400.16, 1600, 1470]

[y_axis_eye_kr60_deep]
start_pos = [-150, 1099.44, 1470]
end_pos = [780, 1099.44, 1470]

[x_axis_eye_kr60_deep_1610]
start_pos = [293.08, -1550, 1610.19]
end_pos = [293.08, -480, 1610.19]

[y_axis_eye_kr60_deep_1610]
start_pos = [-294, -1093.78, 1610.19]
end_pos = [700, -1093.78, 1610.19]

[x_axis_eye_kr10]
start_pos = [650,-190,469]
end_pos = [750,290,469]

[y_axis_eye_kr10]
start_pos = [650,67,469]
end_pos = [750,67,469]

[mapping_kr60]
rz = -11.537033407648279
rx = -1.5809076225850163
ry = -1.532895559455464
eyes_tool_x = 7.112431346272086
eyes_tool_y = 166.6313725489633
eyes_tool_z = 90.68042949751049
xa = 0.01683593678062202
xb = -9.085832205788918e-05
xc = 8.208635876390283e-07
xd = 1.028579993283e-09
ya = 0.02351114468438907
yb = 6.474669284604305e-05
yc = 5.512302517770669e-07
yd = 1.0928325131784531e-09
xe = -7.311057484820543e-12
xf = 0.21898020247035047
ye = 3.5530034328551537e-12
yf = 0.018416778840201917

[mapping_kr60_bak]
rz = -11.062116657504134
rx = -1.7557830459544426
ry = -1.399857323740413
eyes_tool_x = 12.475381109259803
eyes_tool_y = 173.31770295853792
eyes_tool_z = 29.390337734403182
xa = 0.018508006448498805
xb = 1.484422844803155e-06
xc = 4.258184758867746e-07
xd = -0.05990261128193174
ya = 0.018658557649612738
yb = -3.8183077994934997e-07
yc = 5.348808368725723e-07
yd = 0.34859659829177475

[mapping_kr60_deep_z_1470]
rz = -11.909230947614487
rx = -1.484739292535738
ry = -1.4671646582982365
xa = 0.015844498267806945
xb = -2.9688990015592686e-05
xc = 1.492421165806034e-07
xd = 4.959553854964461e-11
xe = -2.1805119610847602e-13
xf = -0.14447579503949223
ya = 0.011220639319732077
yb = 3.689025499086651e-05
yc = 1.2833258308340533e-07
yd = -4.3788744737302596e-11
ye = -1.450922119751094e-13
yf = -0.4713301222594168
eyes_tool_x = 34.296022018650206
eyes_tool_y = 161.48216272934667
eyes_tool_z = 44.733348800600782

[mapping_kr60_deep_1610]
rz = -11.681968635422413
rx = -1.7024257252690294
ry = -0.12630964561770686
xa = 0.013176271275243574
xb = -1.3129304723632316e-05
xc = 6.841534925448502e-08
xd = -0.7884154141736828
xe = -1.046035208106215e-13
xf = 0.05062094083565047
ya = 0.010730933071485902
yb = 3.284210077103381e-05
yc = 9.027171834612152e-08
yd = -0.2894500756719604
ye = 9.529943307020592e-14
yf = 0.2671387592366197
eyes_tool_x = 43.36233874224172
eyes_tool_y = 120.89928571388114
eyes_tool_z = 50.0

