[x_axis_eye_kr60]
start_pos = [1170, -320, 1470]
end_pos = [1170, 260, 1470]

[y_axis_eye_kr60]
start_pos = [1010, 0, 1470]
end_pos = [1330, 0, 1470]

[x_axis_eye_kr10]
start_pos = [650,-190,469]
end_pos = [750,290,469]

[y_axis_eye_kr10]
start_pos = [650,67,469]
end_pos = [750,67,469]

[mapping_kr60]
rz = -11.537033407648279
rx = -1.5809076225850163
ry = -1.532895559455464
eyes_tool_x = 7.112431346272086
eyes_tool_y = 166.6313725489633
eyes_tool_z = 90.68042949751049
xa = 0.01683593678062202
xb = -9.085832205788918e-05
xc = 8.208635876390283e-07
xd = 1.028579993283e-09
ya = 0.02351114468438907
yb = 6.474669284604305e-05
yc = 5.512302517770669e-07
yd = 1.0928325131784531e-09
xe = -7.311057484820543e-12
xf = 0.21898020247035047
ye = 3.5530034328551537e-12
yf = 0.018416778840201917

[mapping_kr60_bak]
rz = -11.062116657504134
rx = -1.7557830459544426
ry = -1.399857323740413
eyes_tool_x = 12.475381109259803
eyes_tool_y = 173.31770295853792
eyes_tool_z = 29.390337734403182
xa = 0.018508006448498805
xb = 1.484422844803155e-06
xc = 4.258184758867746e-07
xd = -0.05990261128193174
ya = 0.018658557649612738
yb = -3.8183077994934997e-07
yc = 5.348808368725723e-07
yd = 0.34859659829177475

