[x_axis_eye_kr60]
start_pos = [1170, -250, 1470]
end_pos = [1170, 200, 1470]

[y_axis_eye_kr60]
start_pos = [1020, 0, 1470]
end_pos = [1320, 0, 1470]

[x_axis_eye_kr10]
start_pos = [650,-190,469]
end_pos = [750,290,469]

[y_axis_eye_kr10]
start_pos = [650,67,469]
end_pos = [750,67,469]

[mapping_kr60]
rz = -11.498947265344334
rx = -1.686595993985085
ry = -1.4584318246027244
eyes_tool_x = 10.22300823644294
eyes_tool_y = 170.85420394421493
eyes_tool_z = 36.381133471869866
xa = 0.01964717396285147
xb = 4.0315562182419007e-07
xc = 4.1323682958437666e-07
xd = -0.09701178846508003
ya = 0.0209011536381137
yb = 1.1996646979959414e-06
yc = 5.436252948031095e-07
yd = -0.18745862879514105

[mapping_kr60_bak]
rz = -11.062116657504134
rx = -1.7557830459544426
ry = -1.399857323740413
eyes_tool_x = 12.475381109259803
eyes_tool_y = 173.31770295853792
eyes_tool_z = 29.390337734403182
xa = 0.018508006448498805
xb = 1.484422844803155e-06
xc = 4.258184758867746e-07
xd = -0.05990261128193174
ya = 0.018658557649612738
yb = -3.8183077994934997e-07
yc = 5.348808368725723e-07
yd = 0.34859659829177475

